# Actual output from OptimalClusterFinder.py

Time of first Group:		415.539

accuracy of first Group:	67.85714285714286

Numpy Adjacency Matrix from Group:
[[  0.  78.  58. 101.]
 [ 78.   0. 160.  30.]
 [ 58. 160.   0. 157.]
 [101.  30. 157.   0.]]

Calculates Nodes of group:
[np.float64(237.0), np.float64(268.0), np.float64(375.0), np.float64(288.0)]

Calculated nodes of dataset; ordered [a,b,c,d]:
[np.float64(522.0), np.float64(614.0), np.float64(658.0), np.float64(444.0), np.float64(237.0), np.float64(268.0), np.float64(375.0), np.float64(288.0), np.float64(634.0), np.float64(528.0), np.float64(373.0), np.float64(567.0), np.float64(477.0), np.float64(510.0), np.float64(443.0), np.float64(406.0), np.float64(295.0), np.float64(216.0), np.float64(129.0), np.float64(306.0), np.float64(959.0), np.float64(1007.0), np.float64(426.0), np.float64(1078.0), np.float64(644.0), np.float64(580.0), np.float64(479.0), np.float64(723.0), np.float64(1799.0), np.float64(1592.0), np.float64(219.0), np.float64(1794.0), np.float64(420.0), np.float64(308.0), np.float64(355.0), np.float64(487.0), np.float64(663.0), np.float64(902.0), np.float64(785.0), np.float64(812.0), np.float64(354.0), np.float64(390.0), np.float64(367.0), np.float64(353.0)]

[[5.22000e+02 4.12930e+01 3.84000e+02]
 [6.14000e+02 2.17630e+02 1.52000e+02]
 [6.58000e+02 2.38100e+01 4.08000e+02]
 [4.44000e+02 8.91500e+01 2.80000e+02]
 [2.37000e+02 3.03070e+01 1.18400e+03]
 [2.68000e+02 1.03731e+02 1.65700e+03]
 [3.75000e+02 4.21360e+01 1.44400e+03]
 [2.88000e+02 2.10900e+00 6.71000e+02]
 [6.34000e+02 6.95300e+00 1.74400e+03]
 [5.28000e+02 5.38980e+01 1.28000e+03]
 [3.73000e+02 5.49280e+01 9.32000e+02]
 [5.67000e+02 1.08560e+02 1.30000e+03]
 [4.77000e+02 5.60950e+01 3.44000e+02]
 [5.10000e+02 3.11110e+01 5.20000e+02]
 [4.43000e+02 5.69210e+01 5.40000e+02]
 [4.06000e+02 4.64230e+01 3.40000e+02]
 [2.95000e+02 3.25700e+00 1.12000e+02]
 [2.16000e+02 1.41080e+01 4.40000e+01]
 [1.29000e+02 2.25120e+01 8.00000e+01]
 [3.06000e+02 6.26740e+01 1.00000e+02]
 [9.59000e+02 3.40824e+02 1.38400e+03]
 [1.00700e+03 2.99030e+01 1.38400e+03]
 [4.26000e+02 4.19170e+01 1.51600e+03]
 [1.07800e+03 1.52560e+01 1.24400e+03]
 [6.44000e+02 5.46900e+01 1.30800e+03]
 [5.80000e+02 2.27980e+01 2.26000e+03]
 [4.79000e+02 5.63280e+01 2.11200e+03]
 [7.23000e+02 1.98350e+02 2.14400e+03]
 [1.79900e+03 7.64400e+00 6.50800e+03]
 [1.59200e+03 4.99920e+01 5.52800e+03]
 [2.19000e+02 1.58847e+02 5.46800e+03]
 [1.79400e+03 9.96660e+01 5.28800e+03]
 [4.20000e+02 2.77760e+01 2.04000e+02]
 [3.08000e+02 2.95030e+01 3.52000e+02]
 [3.55000e+02 5.74940e+01 3.56000e+02]
 [4.87000e+02 4.59670e+01 2.80000e+02]
 [6.63000e+02 9.63540e+01 1.34000e+03]
 [9.02000e+02 0.00000e+00 1.28800e+03]
 [7.85000e+02 6.51690e+01 1.41600e+03]
 [8.12000e+02 1.51590e+02 5.64000e+02]
 [3.54000e+02 2.28150e+01 2.12000e+03]
 [3.90000e+02 4.70810e+01 1.94400e+03]
 [3.67000e+02 1.49916e+02 1.87600e+03]
 [3.53000e+02 3.07800e+01 1.88400e+03]]
Eigenvalues:
[ 335.07823442 -215.69752984  -98.41551286  -20.96519172]

Eigenvectors:
[[ 0.58566907  0.65594132 -0.47364673  0.04890299]
 [ 0.25838079 -0.02587493  0.18581405 -0.9476513 ]
 [ 0.60926542 -0.73834846 -0.25508836  0.1362613 ]
 [ 0.46800295  0.15463839  0.8222298   0.28460211]]

